0.17E+14    0             0.24E+05    0.39217E+14     0           -0.54697E+04
0.12E+17    -0.91E+00     0.5065E+04  0.10819E+18     -0.91E+00   -0.34057E+04
0.22E+14    0             0.255E+04   0.30723E+16     -0.10E+01   -0.99512E+04
0.506E+05   0.267E+01     0.319E+04   0.10789E+07     0.267E+01   -0.17809E+05
0.63E+13    0             -0.54E+03   0.34384E+16     -0.10E+01   -0.90378E+04
0.221E+23   -0.2E+01      0           0.81442E+31     -0.20E+01    0.60077E+05
0.73E+18    -0.1E+01      0           0.16053E+27     0            0.72579E+05


-9.08e+13       -6.50e+02       1.53e+02        4.46e+14        1.94e+16        -8.56e+03       
-6.50e+02       -1.32e+03       0.00e+00        4.46e+14        -6.71e+02       3.88e+14        
9.08e+13        0.00e+00        -1.85e+14       1.51e+13        -8.79e+11       -9.48e+11     
9.12e+24        1.30e+03        1.82e+25        -3.65e+25       -6.65e+12       -5.77e+12      
9.12e+24        -6.71e+02       -4.24e+05       9.12e+24        -1.90e+13       7.53e+12       
-9.12e+24       4.24e+05        -9.12e+24       -9.12e+24       7.53e+12        -8.41e+12